0.000577
0.0005693
0.0002798
0.000283
0.0001728
0.000218
0.0003606
0.0002412
0.0001903
0.0004442
0.0001741
0.0004585
0.0003557
0.0003911
0.0005235
0.0005499
0.0063677
0.000239
0.000415
0.0002041
0.0001688
0.000156
0.0001711
0.0001746
0.0001624
0.0001723
0.0001475
0.0001449
0.0001493
0.000151
0.0001533
0.0001676
0.0001869
0.0001855
0.000234
0.0002214
0.0002051
0.0001936
0.0002604
0.0002414
0.0002172
0.0001976
0.0002417
0.0002184
0.0002338
0.00021
0.0002112
0.0002079
0.0001659
0.0001758
0.003159
0.0001876
0.0002044
0.0001647
0.0001624
0.0001616
0.0001619
0.0001656
0.0001541
0.000156
0.0001606
0.0001606
0.0001531
0.0001562
0.0001548
0.0001765
0.0001519
0.0001535
0.0001767
0.0001613
0.0002192
0.0002653
0.0002448
0.0002446
0.0002508
0.000169
0.0002321
0.0002291
0.0002282
0.0002145
0.0002044
0.0001827
0.0002084
0.0001543
0.0001731
0.0003095
0.0002157
0.0002417
0.0002269
0.0003848
0.0001635
0.000156
0.0001972
0.0001606
0.0001581
0.0001629
0.0001731
0.0001679
0.0001616
0.0001671
0.0001612
0.0001514
0.0001571
0.0001556
0.0001531
0.0001491
0.0001499
0.0001499
0.0002738
0.0002094
0.0002204
0.0002255
0.0001464
0.0001633
0.0001799
0.0001655
0.000161
0.0001752
0.0001607
0.0001543
0.0001632
0.000189
0.0001793
0.0002587
0.0002521
0.0002394
0.0002077
0.0002613
0.0002712
0.0002372
0.0002357
0.000253
0.0002807
0.0028364
0.0002313
0.0001418
0.0001563
0.0001567
0.0001524
0.0001519
0.0001574
0.0001656
0.0001718
0.0001656
0.0001582
0.0001775
0.0001588
0.0001524
0.0001791
0.0001614
0.0001567
0.0001498
0.00015
0.0001525
0.0002336
0.0002396
0.0002436
0.000215
0.0002498
0.0002409
0.0002491
0.0002173
0.0002634
0.0002418
0.0002102
0.0002073
0.000233
0.0001985
0.0001968
0.0002094
0.0002128
0.0002416
0.0001613
0.0002216
0.0002346
0.0001668
0.0002216
0.0002437
0.0002337
0.0030858
0.000165
0.0001641
0.0001703
0.0001475
0.0001469
0.0001474
0.0001498
0.000161
0.0001637
0.0001632
0.0001539
0.0001616
0.0001549
0.0001478
0.0001507
0.0001508
0.0001583
0.000145
0.0001448
0.0001473
0.0001534
0.0001883
0.0001777
0.0001656
0.0002078
0.0001581
0.0001476
0.0001851
0.0001637
0.0001873
0.000215
0.0001519
0.0001586
0.0001646
0.0002628
0.0002277
0.0002031
0.000152
0.0001667
0.0001687
0.0002064
0.000184
0.0001676
0.0001745
0.0002222
0.0001564
0.0002422
0.0001653
0.0003039
0.000204
0.0001617
0.0001679
0.0001682
0.00016
0.0001567
0.0001633
0.0001535
0.0001549
0.0001444
0.0001477
0.0001498
0.0001447
0.0001467
0.0002264
0.0002207
0.0001614
0.0001429
0.0001648
0.0001688
0.0001595
0.0001809
0.0001525
0.0001569
0.0001604
0.000202
0.0001559
0.0001569
0.0003032
0.0001487
0.0002315
0.0002509
0.0002311
0.0002368
0.0002321
0.0001957
0.0002152
0.000226
0.0002639
0.0002205
0.0001951
0.000155
0.0004565
0.0002176
0.0001657
0.0001515
0.0001615
0.0001599
0.0001949
0.000199
0.0001479
0.0001617
0.0001496
0.000146
0.0001524
0.000178
0.000297
0.0002296
0.0001921
0.000255
0.0002267
0.0001401
0.0002635
0.0002353
0.0001739
0.0002229
0.0001903
0.000214
0.0002246
0.0002503
0.0002216
0.0002576
0.0002425
0.0002427
0.0002851
0.0002423
0.0002534
0.0002251
0.0002123
0.0050379
0.0002043
0.0001683
0.0002399
0.0003732
0.0002243
0.0002582
0.0001802
0.0001574
0.0001864
0.0002619
0.0001905
0.0002369
0.0002416
0.0004213
0.0001941
0.0002147
0.0001579
0.0002032
0.0001653
0.0002651
0.0002335
0.0001683
0.0002371
0.000228
0.0030195
0.0002764
0.00017
0.0001555
0.0001512
0.0003129
0.0001885
0.0002898
0.0002856
0.0002097
0.000272
0.000145
0.0001516
0.000154
0.0001582
0.0002216
0.0001715
0.0001429
0.0002198
0.0001485
0.0001391
0.0001571
0.0003583
0.0002219
0.0002417
0.0002207
0.0002761
0.0002385
0.0001549
0.00015
0.0001479
0.0001474
0.0002338
0.0002866
0.000198
0.0002069
0.0001992
0.0002427
0.0002211
0.000232
0.0001963
0.0001648
0.0002385
0.0002055
0.0002556
0.0002362
0.0002335
0.0002715
0.0037688
0.0002215
0.0001543
0.0001767
0.0001449
0.0002083
0.0001497
0.0001488
0.0001471
0.0001518
0.0001446
0.0001782
0.0001469
0.0001501
0.0001716
0.0002336
0.000229
0.0003517
0.0002392
0.0001443
0.0002269
0.0002202
0.000238
0.0002611
0.0002216
0.0002057
0.0002165
0.0002427
0.0002624
0.0002148
0.000225
0.0002069
0.0002206
0.0002353
0.0002014
0.000203
0.0002343
0.0002797
0.0002582
0.0002085
0.0001567
0.0001473
0.0001498
0.0001483
0.0001486
0.0001733
0.0001651
0.0001539
0.00021
0.0001452
0.0001677
0.0001766
0.0002088
0.0002372
0.000244
0.0002317
0.0002192
0.0002312
0.0002152
0.0002605
0.0002116
0.000156
0.0002262
0.0002677
0.0002416
0.0001899
0.0001465
0.0001572
0.0001546
0.0002055
0.0001589
0.0001741
0.0001748
0.0001805
0.0002213
0.0002191
0.0003562
0.0002207
0.0002212
0.000161
0.0002078
0.0002708
0.0001792
0.0002555
0.0002478
0.0002544
0.0001637
0.0002911
0.0002592
0.0002467
0.00017
0.000346
0.0001641
0.000183
0.0001939
0.0002502
0.0002962
0.0002658
0.0003043
0.0002268
0.0002559
0.0003504
0.0002881
0.000512
0.0002913
0.0003918
0.0002282
0.0002624
0.0001671
0.0001664
0.0001618
0.0002036
0.0001605
0.0001602
0.0001661
0.0001533
0.0001504
0.0001506
0.00016
0.00015
0.0001473
0.0001503
0.0001615
0.0001849
0.0002563
0.0002554
0.000254
0.0002173
0.000255
0.0002443
0.0003061
0.0002166
0.0001638
0.000264
0.0002703
0.0002326
0.0003173
0.0002403
0.0002374
0.0001949
0.0002615
0.0002284
0.0002169
0.0002424
0.0002496
0.0002396
0.0002311
0.0002842
0.0003591
0.000165
0.0001685
0.0001871
0.0001696
0.0001504
0.0001473
0.0001467
0.00016
0.00016
0.0001627
0.0002132
0.0001506
0.0001507
0.0001568
0.0001516
0.0001462
0.000142
0.0001516
0.0001508
0.0002566
0.0002289
0.0001944
0.0002136
0.0002423
0.0002504
0.0002518
0.0002333
0.0002301
0.0002751
0.0001704
0.000197
0.0001835
0.0002366
0.0002468
0.0002302
0.0001986
0.0002234
0.0002302
0.0002212
0.000252
0.0003067
0.0002221
0.0002657
0.0002224
0.0035341
0.000187
0.0003486
0.0003395
0.0001829
0.0001494
0.0001616
0.0001661
0.0002827
0.0001765
0.0002275
0.0001769
0.0001989
0.0002916
0.000266
0.0002595
0.0002755
0.0002363
0.0002583
0.0002627
0.0002777
0.0002663
0.0002487
0.0002854
0.0002415
0.0002762
0.0002338
0.0003259
0.0002181
0.0001648
0.0001954
0.0003053
0.0002923
0.0045961
0.0002211
0.0004807
0.0001866
0.0002473
0.0002624
0.0002165
0.0001634
0.0001981
0.0003208
0.0002197
0.0001522
0.0001494
0.0001795
0.0002396
0.0002139
0.0002223
0.0002086
0.0002299
0.0001992
0.0002
0.0001515
0.0001432
0.0001735
0.0001788
0.0001709
0.0002224
0.0002372
0.000229
0.0002084
0.0001431
0.0001789
0.000179
0.0001619
0.0002044
0.0002051
0.0001577
0.000278
0.003951
0.0001708
0.000188
0.0001546
0.0001611
0.0001926
0.0002388
0.0002413
0.0003521
0.0002442
0.0001665
0.0001762
0.0002314
0.0002444
0.0002389
0.0002351
0.0002106
0.0001608
0.0001964
0.0001805
0.0001608
0.0001685
0.0002465
0.0002313
0.0002143
0.0002264
0.0002122
0.0001529
0.0001723
0.0001769
0.0001677
0.0002074
0.0027361
0.000161
0.000186
0.0001536
0.0001907
0.0001611
0.0001658
0.0001552
0.0001493
0.0002628
0.0001979
0.0001591
0.0002354
0.0001597
0.0001655
0.0002483
0.000166
0.00016
0.0002031
0.0002465
0.0001907
0.0002039
0.0001655
0.0002281
0.0002055
0.0002077
0.0002289
0.0002584
0.0002659
0.0002394
0.0001958
0.0001607
0.0001838
0.0002581
0.0002871
0.0002503
0.0002278
0.0002299
0.0002504
0.0002514
0.0002371
0.0001959
0.0001504
0.000146
0.0002026
0.0002498
0.0002875
0.0001628
0.0001527
0.0002452
0.0002758
0.000215
0.0002356
0.000249
0.0001605
0.0002519
0.0002099
0.0001576
0.0001694
0.0001804
0.000239
0.0002723
0.0002632
0.0004318
0.000382
0.0002221
0.0001686
0.0001822
0.0001722
0.0002416
0.0002191
0.0002067
0.0002396
0.0001515
0.0001607
0.0029825
0.0003423
0.0001663
0.0001493
0.0001745
0.0002248
0.0001809
0.000215
0.0001547
0.0001472
0.0001521
0.0001762
0.0002532
0.0002448
0.0002467
0.0002413
0.000231
0.0002075
0.0002404
0.0002239
0.0002262
0.0002685
0.0002422
0.0002199
0.0001941
0.0002339
0.0001889
0.0002334
0.0002113
0.0001434
0.0001665
0.0001804
0.0001754
0.0001841
0.0002011
0.000373
0.0002631
0.000273
0.000208
0.000244
0.0003189
0.0002086
0.0002371
0.0002148
0.0003312
0.0002537
0.0001685
0.0001602
0.0001516
0.0001698
0.0002456
0.0002189
0.0001835
0.0001523
0.0002015
0.0001498
0.0001765
0.0001797
0.0001444
0.0001807
0.000158
0.0001635
0.0002475
0.0002659
0.0002548
0.0002248
0.0002102
0.0002066
0.0001468
0.000209
0.0001656
0.0001943
0.0002042
0.0001699
0.0002068
0.0001984
0.0001808
0.0001563
0.0001789
0.0001772
0.000236
0.0001796
0.0001574
0.000214
0.0003299
0.0001807
0.0002691
0.0001445
0.0001462
0.0002236
0.0001501
0.0001671
0.0002198
0.0001497
0.000268
0.0001519
0.000162
0.0001619
0.0001759
0.0001675
0.0002149
0.0001743
0.0001592
0.0001837
0.0003101
0.0002185
0.0002266
0.0002485
0.0001558
0.0001623
0.0001939
0.0001944
0.0002284
0.000242
0.0002114
0.0003071
0.0001992
0.0002002
0.0002218
0.0002039
0.0001997
0.0002071
0.000169
0.0001465
0.0002188
0.0036109
0.0002451
0.0001688
0.0001531
0.0001826
0.0001855
0.0002371
0.0002625
0.0002094
0.0002071
0.0002823
0.0002173
0.0002346
0.0002773
0.000244
0.0001981
0.0002439
0.0001997
0.0001798
0.0002054
0.0001827
0.0002333
0.0002423
0.0002601
0.0002404
0.0002372
0.00016
0.0001698
0.0002623
0.0001993
0.0002403
0.0002855
0.0002507
0.0003474
0.0002617
0.0002392
0.0039429
0.0002198
0.0001487
0.0001476
0.0001804
0.0002738
0.0002658
0.000247
0.000268
0.000278
0.0002134
0.0002271
0.0002409
0.000218
0.0002383
0.0002617
0.0002482
0.0002145
0.0002568
0.0002306
0.0002401
0.0002899
0.0002844
0.0002382
0.0002751
0.0002485
0.0002706
0.0001917
0.0001945
0.0002141
0.0002234
0.0002318
0.0002786
0.0002302
0.0001643
0.0002137
0.0001521
0.0001952
0.0001699
0.0001948
0.0002946
0.0002267
0.0002295
0.0029017
0.0002447
0.0001475
0.0001478
0.0002023
0.0001744
0.0002155
0.0001569
0.0001961
0.0001757
0.0002256
0.0002278
0.0002266
0.0002122
0.0002172
0.0002175
0.0002621
0.0002229
0.0002517
0.0002595
0.0002334
0.000224
0.0002082
0.0002188
0.0002226
0.0002082
0.0002008
0.00021
0.0002501
0.0002287
0.0002534
0.0002638
0.0002752
0.000212
0.0002771
0.0002649
0.0002388
0.0002612
0.0035976
0.0002391
0.0001659
0.0001475
0.0002095
0.0001599
